40

1

10

0.00 0.00 0.20 0.00 0.00 0.00 0.00 0.03 0.00 0.00 0.86 0.00 0.00 0.00 0.20 0.00 0.00 0.00 0.00 0.00 0.00 0.27 0.00 0.67 0.00 0.31 0.16 0.00 0.00 0.37 0.00 0.00 0.00 0.00 0.00 0.00 0.42 0.08 0.47 
0.00 0.00 0.00 0.00 0.00 0.00 0.00 0.00 0.00 0.00 0.00 0.00 0.00 0.00 0.00 0.00 0.00 0.07 0.00 0.00 0.00 0.00 0.00 0.84 0.00 0.00 0.00 0.00 0.00 0.00 0.05 0.00 0.00 0.29 0.00 0.00 0.00 0.91 
0.36 0.00 0.00 0.00 0.77 0.32 0.69 0.00 0.00 0.84 0.00 0.00 0.00 0.00 0.00 0.00 0.00 0.00 0.00 0.00 0.00 0.00 0.00 0.71 0.30 0.00 0.00 0.00 0.00 0.00 0.00 0.00 0.00 0.00 0.16 0.32 0.00 
0.00 0.00 0.00 0.46 0.24 0.00 0.00 0.00 0.00 0.00 0.00 0.00 0.00 0.00 0.00 0.00 0.82 0.00 0.00 0.27 0.00 0.00 0.00 0.00 0.00 0.00 0.00 0.48 0.14 0.87 0.00 0.00 0.00 0.00 0.00 0.00 
0.00 0.00 0.00 0.00 0.00 0.00 0.00 0.00 0.00 0.28 0.00 0.00 0.00 0.77 0.00 0.00 0.00 0.00 0.00 0.00 0.97 0.00 0.00 0.00 0.00 0.00 0.00 0.49 0.00 0.00 0.00 0.00 0.88 0.00 0.00 
0.00 0.00 0.00 0.00 0.00 0.00 0.00 0.00 0.00 0.00 0.00 0.82 0.00 0.00 0.00 0.00 0.00 0.00 0.02 0.00 0.00 0.14 0.00 0.00 0.00 0.00 0.14 0.00 0.00 0.00 0.00 0.00 0.00 0.00 
0.00 0.00 0.00 0.00 0.00 0.00 0.00 0.00 0.00 0.00 0.00 0.50 0.02 0.00 0.59 0.00 0.00 0.20 0.77 0.65 0.00 0.00 0.77 0.70 0.00 0.55 0.00 0.20 0.00 0.00 0.68 0.00 0.00 
0.00 0.00 0.59 0.00 0.00 0.00 0.00 0.00 0.00 0.00 0.95 0.64 0.00 0.00 0.00 0.00 0.00 0.00 0.00 0.00 0.99 0.00 0.00 0.00 0.00 0.00 0.00 0.24 0.00 0.00 0.67 0.00 
0.00 0.00 0.00 0.00 0.29 0.00 0.00 0.00 0.00 0.00 0.00 0.00 0.00 0.08 0.00 0.00 0.00 0.00 0.00 0.77 0.00 0.49 0.88 0.00 0.50 0.00 0.00 0.00 0.57 0.95 0.68 
0.00 0.00 0.00 0.00 0.00 0.00 0.00 0.00 0.00 0.00 0.00 0.00 0.00 0.00 0.00 0.00 0.00 0.00 0.33 0.20 0.00 0.70 0.00 0.00 0.00 0.00 0.00 0.00 0.00 0.00 
0.00 0.00 0.00 0.00 0.00 0.00 0.98 0.00 0.00 0.00 0.77 0.00 0.74 0.00 0.00 0.19 0.00 0.14 0.00 0.91 0.78 0.00 0.00 0.00 0.00 0.00 0.00 0.00 0.00 
0.00 0.58 0.00 0.00 0.00 0.00 0.00 0.00 0.86 0.00 0.00 0.00 0.00 0.00 0.00 0.68 0.00 0.00 0.00 0.28 0.00 0.00 0.00 0.00 0.00 0.00 0.00 0.00 
0.00 0.00 0.00 0.00 0.00 0.00 0.09 0.00 0.00 0.00 0.00 0.62 0.00 0.00 0.00 0.00 0.00 0.00 0.28 0.00 0.00 0.00 0.00 0.00 0.00 0.00 0.00 
0.00 0.00 0.00 0.87 0.16 0.00 0.00 0.00 0.00 0.00 0.00 0.00 0.27 0.54 0.00 0.00 0.00 0.96 0.00 0.00 0.00 0.00 0.17 0.00 0.15 0.00 
0.00 0.00 0.00 0.00 0.00 0.00 0.00 0.26 0.00 0.00 0.00 0.17 0.00 0.00 0.00 0.00 0.57 0.49 0.28 0.00 0.15 0.60 0.73 0.00 0.00 
0.00 0.00 0.00 0.74 0.00 0.00 0.08 0.00 0.00 0.07 0.00 0.00 0.00 0.00 0.05 0.00 0.00 0.00 0.00 0.00 0.10 0.00 0.00 0.00 
0.00 0.00 0.00 0.00 0.00 0.00 0.00 0.79 0.00 0.00 0.00 0.80 0.00 0.00 0.38 0.00 0.00 0.00 0.00 0.61 0.43 0.74 0.49 
0.00 0.34 0.00 0.00 0.00 0.00 0.00 0.00 0.00 0.81 0.00 0.81 0.00 0.00 0.00 0.14 0.00 0.00 0.09 0.00 0.06 0.00 
0.00 0.06 0.00 0.19 0.00 0.00 0.00 0.67 0.00 0.22 0.00 0.00 0.00 0.00 0.57 0.00 0.00 0.25 0.36 0.00 0.00 
0.83 0.00 0.00 0.00 0.00 0.00 0.00 0.31 0.00 0.00 0.31 0.00 0.00 0.65 0.00 0.00 0.69 0.00 0.90 0.31 
0.00 0.00 0.47 0.00 0.00 0.00 0.00 0.00 0.00 0.00 0.00 0.00 0.00 0.00 0.00 0.00 0.00 0.00 0.29 
0.76 0.00 0.74 0.00 0.55 0.00 0.00 0.00 0.00 0.00 0.00 0.00 0.72 0.41 0.00 0.00 0.00 0.00 
0.54 0.00 0.00 0.00 0.59 0.00 0.00 0.88 0.00 0.00 0.00 0.66 0.00 0.11 0.00 0.00 0.00 
0.00 0.00 0.47 0.00 0.00 0.40 0.11 0.00 0.00 0.00 0.00 0.00 0.00 0.05 0.00 0.00 
0.00 0.00 0.00 0.00 0.54 0.00 0.67 0.08 0.00 0.00 0.00 0.92 0.00 0.00 0.00 
0.83 0.00 0.00 0.00 0.68 0.00 0.00 0.92 0.00 0.00 0.27 0.00 0.00 0.00 
0.00 0.00 0.70 0.00 0.00 0.73 0.49 0.00 0.00 0.00 0.66 0.15 0.00 
0.00 0.00 0.00 0.00 0.00 0.00 0.00 0.00 0.00 0.00 0.00 0.00 
0.00 0.00 0.00 0.00 0.23 0.00 0.94 0.00 0.36 0.00 0.00 
0.00 0.00 0.12 0.98 0.00 0.30 0.00 0.00 0.00 0.00 
0.00 0.05 0.00 0.00 0.00 0.00 0.00 0.00 0.10 
0.00 0.86 0.00 0.00 0.55 0.69 0.00 0.10 
0.00 0.00 0.00 0.00 0.00 0.66 0.01 
0.00 0.00 0.00 0.00 0.30 0.90 
0.00 0.00 0.53 0.32 0.44 
0.90 0.00 0.00 0.00 
0.00 0.00 0.00 
0.34 0.35 
0.00 
